58437
52145
312056
255886
521184
434665
153186
415365
230137
342296
434951
23976
522021
19890
388753
252018
513417
530266
200681
510100
302458
155269
75611
176113
76460
243316
91541
511594
312660
489475
575017
407751
433662
333517
228222
243120
378890
334074
577265
194193
421976
434270
56971
466790
176734
534151
556341
114469
556622
77563
105172
378918
117015
575997
570390
553371
555318
169893
323010
23033
193895
551459
561565
399835
556638
294423
345725
133741
250577
392555
313206
286724
564411
98437
256091
310344
492817
94175
113579
553081
465407
140360
414664
97873
155974
148400
294100
74060
286083
401699
11682
333245
123923
442980
507212
217959
35156
403421
393661
130252
30722
21514
76351
59735
172655
275210
310912
546031
142686
431825
90367
371800
434385
28690
419110
223194
474762
345590
61919
434668
73899
64442
443940
377911
467873
251094
499989
303414
293378
557901
168114
457560
116289
10327
44612
372161
448436
130745
52393
259572
249955
140691
278086
391403
35690
542988
11791
269751
189459
306327
14862
256250
458551
17350
292177
302298
232969
323804
208834
62017
54038
302756
309160
95123
438810
33808
505796
393641
196379
382046
290432
468035
212089
415680
570211
423842
208671
293591
26997
512904
305278
317391
393557
362062
558741
398866
230070
61626
133939
448494
416957
303012
481760
128136
130588
58146
250868
322149
414853
164366
442979
118478
388161
7393
279324
535788
577146
14276
159742
367449
524373
98674
92953
550518
374253
45535
272159
544274
394
200304
401040
290941
84783
546933
296191
338774
418099
757
109761
132964
125473
136040
19157
195300
576714
202373
73922
495491
150932
314602
555668
460389
32909
574696
40878
233932
198382
200798
86559
561097
8958
102842
427643
363621
473673
568979
289211
572046
363344
269996
772
151178
322762
249264
165969
452341
575209
432484
535651
224407
47975
487236
23411
303140
272008
428266
104047
173907
520764
201010
251630
467593
335231
352191
444166
358083
119210
73440
129715
281267
51164
431569
576564
29160
427129
528231
379375
191242
145179
467467
2896
291117
41785
189868
83547
273118
421768
124190
167712
204321
360370
169725
493805
110084
160774
541510
456436
228858
466460
494743
265096
180767
201916
180989
30314
505440
419738
507547
576128
332587
536248
63182
541485
452428
263135
19739
454372
298077
525285
428834
445774
200665
306284
106896
123599
490046
330683
382291
114863
281789
270644
218142
121633
86754
117407
206412
146099
459826
328500
574014
339759
574049
534559
466656
4535
194594
557114
221509
279831
409092
110174
319965
557399
555478
563929
41104
312539
497226
337425
465467
310928
154556
513099
137806
183670
336682
505145
176306
502470
305347
84163
276325
546164
347111
136983
562645
89949
179876
440246
146769
359234
504454
191464
560789
244065
420410
550246
369788
428945
559301
564643
157981
228834
300782
436438
464779
275173
377361
391620
214926
140522
508311
250352
202298
32244
163104
137734
21994
542304
573958
102445
72207
360719
428943
216928
17463
248045
353133
450309
135420
360986
381216
434870
23424
562574
194788
491976
214943
34625
323847
577251
164241
25
457217
202672
123055
339470
23194
169203
523894
429762
540846
443334
308752
160930
60822
27070
92679
572861
38177
230522
20355
358748
267951
242096
92771
450054
515390
296192
38775
356836
133061
569261
271499
496752
457225
267731
430856
439486
8300
34143
540925
399016
552276
305235
411225
6603
122172
445141
101160
196244
16995
101807
289337
9553
488632
485954
108627
361119
64746
382126
284778
571544
213860
43203
529050
75881
384258
553373
430821
95877
393844
540538
70588
63320
446084
115887
373375
275709
463338
391989
508208
130147
353662
510333
288602
567186
363488
389721
176796
490031
240414
127729
491910
36942
168847
474446
237597
398580
248069
72023
290165
221927
243464
115763
536195
275276
282879
87977
372592
29680
210144
73981
448732
137730
155087
284488
134605
208327
551596
427868
320173
197212
383651
146439
163460
180806
85962
329515
451151
419062
384718
404929
470525
524382
471534
103307
238431
221685
262098
330593
424731
182291
36501
310082
175739
86811
26538
556880
45459
230515
272803
295896
277592
100037
303127
111131
81591
221169
39798
396165
210907
126502
532247
343880
376269
550356
3480
282377
411043
164502
80713
468078
43448
503144
341513
423717
43165
140390
366558
530535
414046
161840
557334
572108
419979
306975
578627
10769
566941
214569
173279
416315
499202
332849
80987
91650
237622
90058
377576
504868
358527
519728
372412
111054
164287
154111
579865
54936
442468
127643
318476
138155
356535
322121
373613
514173
456919
339535
186317
293543
219158
389582
509367
485083
431931
12495
75691
199653
443984
38890
406988
449256
68894
576111
332815
139130
204379
215879
254045
441599
198921
272953
573179
573246
16704
574402
524014
503893
59691
63873
496554
289754
25541
465969
380912
322827
344319
516634
95814
476848
189542
160447
402071
373758
225032
531973
142629
174507
220922
177530
235547
367521
67572
180657
471929
555366
276798
111140
134640
280959
384333
429765
347557
306365
4011
137811
440842
363248
86442
411815
211618
493189
551364
48821
47255
311082
279871
187810
465868
401820
53748
581702
321306
323494
291854
348805
33157
247641
147838
282099
151103
50736
111165
191675
150301
485865
494675
450370
89121
190160
298893
517508
350083
309881
371427
534074
394441
38487
224248
20966
378066
293448
67941
303541
379077
111376
296946
533751
512920
417402
523183
405135
383368
343680
135467
226345
317033
404205
231596
299444
480205
180925
94825
483955
124728
73591
90994
471136
98328
191947
179118
304223
71441
75535
313518
316528
133750
243446
578350
216817
460038
241461
77063
172553
266600
567055
464105
48143
384848
553392
159608
330388
236580
564228
296745
527618
518156
180738
120860
281634
59234
546985
217436
323970
210448
343676
141414
492469
147301
417887
346388
14271
144193
310868
374956
157426
507101
450841
365696
117179
173202
424219
88477
221542
509402
37336
458705
573355
319735
178553
549612
11554
17324
267798
156974
320808
391426
560637
283617
321673
347858
183004
52290
356406
65490
191758
431335
540529
371038
535089
87377
89044
407387
33494
336172
534107
223734
410904
134555
186842
197875
548174
549766
211852
385119
214241
457305
110155
75162
135129
74312
517696
557823
289067
214119
120935
62865
265742
52575
265059
360751
91300
341792
534855
410648
27075
502380
380011
443733
1063
127304
226693
157267
100337
285961
318911
548039
432529
459736
313983
244368
359702
341775
190241
341963
93764
57250
370798
448251
212138
407198
421848
291348
298060
93171
202272
70079
152987
371029
69500
229631
91973
175946
518361
528269
404385
321554
168289
36277
276549
164667
401292
156607
486910
332215
168879
440161
382714
562092
176474
239618
468280
12756
377807
213897
234291
275499
485489
29341
353108
267571
279511
94826
76781
77408
19151
418506
186009
526456
370583
300895
343972
378723
431897
537695
22815
385302
347292
394478
172426
24458
137836
331900
445569
570403
126432
397832
532644
429758
560628
225480
293265
1228
28738
581873
103841
46609
569379
54837
424193
366316
494240
181846
111004
240304
505658
579567
203299
8639
448599
57345
451738
257391
375948
341950
301347
135978
439171
245462
345781
280852
39395
444273
7506
45496
252025
305978
173056
231581
163372
505538
170774
57339
520456
362079
250703
543385
510328
5146
555782
398005
374107
38092
274678
444464
51504
565951
516396
523594
415492
342693
580334
196879
332193
192104
481281
435923
446383
321305
300170
2342
276634
425461
79469
536576
37119
102815
155003
544263
123413
28820
474721
19102
310440
197318
376701
344801
196584
246530
567613
200817
63480
229566
43128
69733
299212
92674
450102
386355
442670
372634
320533
155117
446470
472157
365259
269798
267697
461162
495048
370709
55744
269704
176522
324950
116312
173908
332385
131415
528232
299782
547459
318469
359037
523292
93287
67935
451940
550660
540885
511014
449259
490112
414679
200727
103428
302164
316383
412857
489442
224695
27466
164935
376785
303361
506540
576801
66700
537169
74446
268948
510493
189742
69426
556694
48308
491481
485219
14820
319682
533224
554566
51304
283383
347340
150360
549042
281595
494211
186556
578519
370749
214671
62664
414067
10735
47724
161852
197163
5288
431297
299573
198563
510914
300758
41649
537720
88757
437745
140636
175362
526341
553436
302531
18736
477106
564120
259886
348865
235642
312465
349401
464321
288983
548848
469512
26958
91796
240903
256544
324436
577975
463787
372807
271577
100159
215069
313579
3668
103232
402082
19719
353716
355806
361051
371003
393127
62231
79127
71970
517135
438479
376858
222395
417926
440104
136285
330419
64256
472557
228758
532419
466307
565691
157921
42124
16716
466827
133573
221222
303010
381385
326511
470714
279066
301467
124907
292739
57147
537622
297851
527845
402357
478406
25145
256284
191262
226258
231942
544114
236176
466450
194188
242897
117379
88735
375400
185006
346067
524059
80782
141874
579457
185716
575029
317619
412040
168190
376132
244124
311709
211340
349784
135116
439595
516263
461669
575816
427767
491914
524677
77479
174228
388212
16905
407390
28988
273893
424152
88176
440273
527520
21061
392107
106017
191681
38332
262993
411877
130221
554207
526560
295460
204930
298956
441156
149669
80960
522613
99165
405683
53064
482912
312024
559151
227270
306506
108430
358265
112830
427888
380088
565332
557314
706
221533
228074
577619
252008
334466
373482
251033
162250
369000
204821
224910
531765
92526
336491
436632
185821
62652
501790
268688
305684
78000
448426
539359
228565
201420
98101
576075
213438
94535
401434
84625
203594
177036
548979
48376
193240
111548
577926
106079
196540
532748
271231
142102
252570
99983
316612
97362
24319
314616
547783
309165
261500
331138
230484
291669
431432
272926
451843
279322
469713
492671
415665
44209
429638
51835
458762
530285
468604
67904
28367
197745
565652
214306
495609
520660
559271
146819
359189
458633
116095
31255
435473
461788
452302
81001
477826
280736
475277
438075
276514
483823
322557
454524
563858
73195
559294
244385
218774
38055
458533
161503
528020
442175
352549
152147
217799
180271
141086
188100
298830
321039
36439
352576
537408
176032
119529
553108
216551
199255
498960
244720
323797
360132
91227
197121
190572
252759
82252
565722
574384
158127
203868
218924
153870
7498
425612
529348
29370
343992
369601
540859
27293
404748
547118
576902
148034
343847
523137
262979
242757
106067
127615
375342
113077
237093
39864
529866
10471
503761
353276
38930
80520
141770
536204
434576
306837
26174
48956
398712
37230
412613
129742
511349
522477
157886
127093
256787
406001
524621
321578
263231
195857
79868
26578
330284
483871
20512
223516
480893
536252
102755
472585
197759
48162
343968
72887
228244
69917
282368
434135
31569
276066
102915
301171
348235
496264
96445
562232
281674
558132
123964
416643
218214
210434
165232
75760
463814
185141
33902
537625
167891
214150
8351
519046
336811
454538
126832
18647
531987
436127
364027
