493792
126810
523274
457981
546133
127744
74828
545859
58437
371245
52145
483425
312056
8559
26363
345998
255886
521184
260844
284805
139675
426948
434665
279341
331059
153186
352805
363933
130921
415365
363853
479203
411668
230137
342296
464238
431322
324099
244575
281221
548061
366577
158757
286874
402333
416006
550341
422221
248001
512479
402729
512938
552641
433786
156756
338882
434951
23976
172123
533050
392985
197650
344314
171639
54300
513983
114239
351910
421072
530888
536934
550030
522021
521133
19890
62250
26504
388753
225456
491611
549709
259513
351567
252018
522405
106850
459827
482468
513417
148276
107481
88082
425069
500194
373021
289264
570346
156246
504400
369976
63958
426947
14377
466217
363071
558101
376608
253335
281764
259614
171834
213023
530266
546013
481290
188520
200681
510100
52470
134548
569525
32738
302458
21408
408328
72284
155269
521427
170326
183537
172405
75611
383991
45467
176113
156156
498610
264043
467469
78741
125038
230905
79021
184771
182275
76607
68136
267095
254228
58792
265198
375087
458862
76460
488156
33672
494620
475651
158601
192799
4947
54111
305404
251466
3761
35961
274537
292799
243316
174738
91541
57107
401614
328638
511594
312660
120007
489475
66652
47877
523553
312420
353588
109393
472821
352276
284599
227428
187641
279809
86687
557219
458166
78490
200376
542634
575017
75990
178616
336414
441287
205791
46345
236824
505650
41265
180641
148815
120060
82418
407751
433662
443
307668
78494
205440
124030
333517
424792
482091
80067
554892
33940
130714
55630
228222
448267
51563
218716
413057
460495
575957
572409
475380
321059
310158
474667
170173
462261
392251
52183
546568
560685
256028
307831
522143
243120
379733
166631
195367
129610
378890
334074
193222
578383
100064
399528
296161
327526
433568
577265
27706
264787
552142
378189
272489
312051
233538
329963
17345
569893
292993
269245
329576
103274
236028
152702
194193
327624
518721
351973
484401
98034
356323
66987
427007
421976
126001
516410
152238
71411
434270
453641
497094
385522
280043
523250
527239
56971
167693
258735
257588
110090
539984
466790
541053
195889
176734
534151
556341
332027
79421
225669
118780
528071
114469
510258
512175
15652
246931
450117
473468
570115
307790
556622
77563
152586
571392
441407
105172
471095
378918
117015
172376
162735
575997
53457
386637
268741
490503
570390
279917
495692
117496
304578
84643
553371
248297
345973
373346
316499
262579
293579
396890
555318
268518
208779
23014
334732
50624
521355
283818
371194
169893
287574
171090
323010
334383
478164
171805
572184
382873
23033
314751
128387
98248
193895
310870
157616
551459
228893
59325
109635
473651
232290
145825
59789
159376
190219
561565
359925
17936
122560
482789
16758
399835
19032
556638
178299
211451
294423
149117
345725
520482
153380
519094
275325
334916
274331
365507
153184
341822
251793
471064
133741
373132
561446
201348
222893
250577
149449
269590
78107
569310
318225
481028
240637
425136
534275
60170
29751
59933
81918
522930
400950
56850
282076
192081
187199
392555
274298
380885
535978
529226
232618
521348
313206
79589
286724
67122
564411
135038
98437
362331
537372
342817
26443
263196
256091
66406
447070
49369
66556
562972
99026
255123
412955
260953
310344
55272
198997
292075
318071
20701
100485
492817
224594
45830
378087
172096
333721
27989
581354
549496
301895
502828
354316
195817
463984
529188
237476
94175
214507
437393
280866
358976
578808
503089
113579
272729
553081
171468
526132
280409
564330
221212
455198
465407
395053
148168
547974
391684
497733
502866
386718
378466
428537
60117
273197
236673
347630
426664
127937
271148
240751
157155
362244
551661
219338
140360
559776
194195
220799
414664
136170
97873
155974
344460
35778
25727
142563
465676
148400
528807
554171
28260
530154
546702
323717
229419
202158
259296
340929
426161
80094
113461
169779
386778
328802
461939
395592
378561
181870
294100
450747
25191
74060
58873
486870
286083
568562
322057
71215
71964
64802
493902
401699
406873
579561
567603
27718
140285
526704
105364
230227
11682
268640
30693
523735
156396
11373
146589
127680
15301
490010
566062
127556
165883
520767
120259
47235
34285
100500
12827
333245
268102
123923
450551
509679
442980
426778
341363
49073
158354
507212
51281
217959
364010
403190
525953
562015
485044
35156
568171
152954
322307
264567
470426
58849
449599
52582
499516
392972
389487
333509
403421
430537
358378
453472
573881
2471
344491
55571
537652
169947
394234
436947
393661
468132
64300
17282
130252
78495
30722
325969
149220
134486
129557
58043
42
421400
393046
319142
21514
76351
471184
59735
172655
275210
310912
93272
150198
546031
513295
341393
142686
431825
194725
493295
406977
51272
119075
19528
228861
214701
177284
513138
262626
86809
426342
533504
99247
469424
544856
223499
60639
210839
90367
371800
578796
434385
148677
204244
18530
3935
239591
399893
292232
215718
188911
146685
28690
4286
551533
210958
572125
419110
553447
439992
128152
561116
34261
445076
312117
223194
230991
825
34454
334011
474762
569539
147174
178431
345590
61919
434668
138760
510644
345549
73899
369811
580234
91262
64442
167171
443940
463611
116511
46749
285285
524694
80363
327623
91656
576598
364939
118465
551260
542946
579008
263136
352118
227103
104454
569415
377911
458092
564663
239739
1164
199516
312486
486496
94021
275932
485758
253785
465819
345209
265196
467873
554863
406932
40359
38097
182759
332362
90712
313567
247895
450719
341290
397863
458052
251094
397903
456068
448547
522315
501710
411926
499989
524957
222407
481465
480682
412847
420964
548275
84312
206899
17438
303414
154710
293378
79957
557901
228832
254965
241531
508440
388348
307932
146583
265503
168114
256657
83754
108871
18046
391857
81611
457560
13574
116289
234719
455405
402221
238292
327418
144944
421999
80943
317147
10327
204755
228518
120118
6873
243051
437537
361460
2606
203729
233863
44612
575219
127647
309232
563541
96453
353175
573277
453452
142622
342100
372161
208913
340157
90146
262599
33571
14766
175202
490725
549617
222145
11508
290204
454577
12228
475304
469577
448436
394663
181224
92202
194771
337139
203175
130745
52393
259572
493316
305282
489399
369074
31578
207026
564437
44776
249955
62398
410246
251502
382171
149005
421208
212025
299082
126324
140691
326937
518365
278086
499571
397121
25360
52853
507668
243792
12319
447711
363793
392793
437167
510519
60689
414078
53662
206385
403789
391403
35690
542988
190156
464188
495051
184223
515401
499110
375960
387083
456439
126050
349888
55363
336302
11791
501126
449529
32190
441458
290136
435433
279076
262561
278797
413731
113707
103584
569729
225543
47515
199268
269751
473843
392871
308919
322246
549287
71330
536626
412445
234175
281533
444025
483487
189459
306327
14862
345074
54718
35864
129445
12102
315577
88987
256250
23908
458551
397403
93360
391033
253665
32816
30611
417230
514676
554367
321766
18394
315423
17350
321844
395644
105282
517454
292177
384204
449428
302298
264962
38552
232969
88080
34702
323804
198612
402250
320867
316878
316359
228914
64765
268141
104898
337833
425288
208834
404266
222741
62017
270102
331126
485148
382172
185160
31671
229946
312958
539406
54038
302756
531681
429898
290881
238618
326156
309160
383448
22223
402245
440057
95123
436647
239762
337857
449108
438810
184731
305380
475995
189789
408116
465973
33808
505796
340988
393641
366830
310683
196379
382046
311961
503961
332411
577967
97314
48419
279479
442901
512879
170327
528707
75800
40685
488658
488463
384612
112770
40348
104625
290432
101304
141051
154023
477758
468035
212089
415680
471962
285180
277070
517947
337716
397045
562150
131696
570211
381560
357755
215554
423842
85974
68030
208671
177492
72
293591
411334
51871
504774
467762
26997
286009
3711
461427
231341
574009
461957
112832
352945
5782
512904
473348
22275
294199
83005
308688
163394
292102
471837
184578
133788
305278
33177
571835
41895
308798
317391
156999
393686
463417
435294
217636
48791
435323
393557
388135
41505
362062
133237
194167
558741
398866
353299
310331
508731
174217
31049
230070
572355
420308
186497
398917
497736
148301
349530
61626
210279
53629
54340
401112
312450
93887
91869
225330
576397
144
429242
408995
162627
449150
133939
448494
416957
303012
481760
547055
286478
566276
507719
236945
329134
465449
559388
126678
168999
222921
76588
526911
128136
221523
401123
256593
221755
35074
318959
285958
423267
91610
444651
130588
24762
453366
133078
206913
306363
58146
288860
319360
157503
432055
111945
296584
299216
350969
574882
228734
281424
542939
53999
261461
250868
277622
347995
314953
322149
120703
650
414853
344881
409652
164366
523580
91875
113638
20087
114815
499365
434089
442979
364913
112951
452782
147629
417626
439932
494637
112289
135158
494896
421389
419755
280480
118478
217228
382951
139721
302924
29484
449327
378901
502297
388161
415747
7393
571076
324981
77014
300322
279324
161871
535788
87456
110989
312142
315607
104108
471315
111040
340441
454862
456979
147788
577146
58210
565144
14276
138234
33938
577320
279530
112719
159525
159742
532543
167408
494679
264804
56373
547498
103837
163496
367449
206465
71845
248236
12475
524373
56042
578467
27015
193690
324275
158810
519877
544071
67551
481098
248640
287748
559557
477046
498988
98674
251701
128791
92953
495902
550518
422655
420529
360302
223942
471871
196484
106525
124567
125548
72704
113412
500594
534308
313555
374253
507384
1688
89654
45535
298360
456010
320902
335624
272159
408333
474709
544274
151648
317679
554958
229552
394
482242
406021
193819
54611
200304
533049
338215
401040
542060
512467
316536
322945
259475
66753
290941
82740
76578
124013
14160
7319
374785
84783
511070
553396
77355
341128
348767
546933
296191
517282
257576
168828
216528
157099
243847
338774
451449
277352
195806
465495
536579
472462
291102
568062
200642
477828
561208
125729
418099
757
444444
109761
117722
261344
321120
448924
83518
215485
530855
132964
68238
415971
125473
374990
127854
462767
136040
67906
26908
245105
19157
195300
539478
61506
561012
227730
75496
540520
143841
457097
214018
361255
490986
45208
461129
79258
576714
540358
453299
352113
90498
215480
40210
264085
202373
17890
73922
183971
351809
386936
495491
183202
436676
277225
299103
386152
390518
291305
145668
304406
383622
150932
435260
314602
236941
425788
22894
57550
56585
340004
188667
163041
32538
270581
369380
350075
338025
391292
555668
295798
460389
32909
498427
400313
41908
34645
574696
40878
50411
301128
480593
366961
233932
133707
358650
210458
198382
200798
86559
561097
78188
410165
8958
105192
326058
322500
522702
558467
499125
581233
186177
296858
383372
102842
259526
427643
77870
303314
466988
351297
363621
561753
253825
450047
96530
455406
518027
395140
298656
168994
558350
473673
287033
568979
212647
289211
318356
572046
363344
345388
518098
563337
269996
206381
61867
42057
772
151178
481441
418770
194022
234383
303095
322762
279159
501047
116737
306060
444257
249264
207282
165969
452341
575209
496372
432484
406462
490991
329268
535651
20779
302160
13754
69383
573544
5903
520449
209133
224407
352205
59584
47975
487236
185291
159753
502540
239861
23411
157715
296832
274399
423921
50206
378628
303140
195073
158432
163728
554332
290782
272008
428266
104047
173907
277125
399899
414117
545678
137890
199822
392212
520764
365066
48530
564687
21394
183756
514871
543413
567768
546445
201010
251630
505979
14396
162775
449088
467593
383857
335231
352191
186626
203621
243734
448705
95988
426229
192259
470128
510594
169634
486247
444166
276260
230867
320563
164901
157119
104149
374486
74007
95702
413297
240466
322858
358083
276892
313980
546980
168803
274036
385804
284176
449517
468382
532491
24072
344597
378948
235203
514099
196664
110673
483836
410663
88868
433435
295162
119210
360975
82456
373317
210679
257910
494345
441686
3321
231899
379620
295408
199484
388203
245304
136002
348290
28974
87739
494973
73440
129715
284527
404673
468730
225213
9830
505962
471175
13636
85036
196093
202264
340884
261789
218595
198935
15690
65943
459281
514846
561339
374832
192824
25273
28417
464616
281267
580525
230507
107183
51164
567278
431569
309568
363494
514537
189880
367332
350389
186034
576564
29160
275988
489476
85948
55607
427129
528231
442982
166328
288344
527363
321980
104262
210956
254357
437119
399594
89895
109516
357391
296471
567850
297075
28019
379530
379375
541556
259029
505978
191242
540843
558516
580796
309968
347511
14008
145179
151731
151761
219443
366576
212605
827
90823
202880
174137
46009
100196
467467
46152
395723
242120
281323
522492
54245
378868
2896
140512
291117
315517
142722
219488
34522
477067
366651
108761
21346
316696
41713
460033
49017
410168
137052
41785
34097
543315
343629
350592
36345
137970
569500
236295
516328
1942
299055
103877
479200
567989
148427
486361
398489
456690
329147
556542
347836
209062
31865
189868
483038
22759
83547
477202
381221
132470
284667
514125
15070
212263
528129
98326
432962
465295
250951
555811
581309
260581
216351
273118
501634
99628
359635
486825
196355
331419
495607
20207
421768
35429
370868
455698
258998
124190
53289
273607
167712
204321
360370
163759
203976
127477
256359
151758
199237
544760
546691
545275
451381
169725
411485
506659
361244
62170
382521
409098
493805
226220
3178
378823
548331
33008
54643
22796
139754
274052
269381
529887
290836
137931
110084
507798
251608
38769
160774
420402
331503
198832
426842
89221
566592
541510
11495
465155
372165
512630
365997
405864
82568
413079
536321
448951
288372
455738
555976
281575
64348
315960
542313
309280
164302
48993
63381
183051
377366
73669
456436
376247
294814
422910
228858
483142
433110
161740
23914
549422
466460
497320
352196
529061
494743
416049
439609
20018
236198
389453
265070
265096
477940
214832
99619
192335
368852
470907
307379
536023
198724
180767
201916
129187
319412
23660
180989
30314
447243
555472
271892
579170
478076
505440
549115
72435
206255
30711
237474
364402
479550
528488
373830
435569
245235
94353
477491
201596
419738
14470
193401
166127
250069
285618
283666
375529
107664
349777
131434
500646
193669
189550
197044
28649
42476
367268
314572
272797
507547
253429
107623
286903
114473
6338
162880
412835
5564
309237
387293
560242
468013
148705
488423
576128
210042
507301
13529
514553
332587
222361
352290
456366
536248
268885
51783
272713
536716
501022
372996
385168
24189
526941
430319
63182
94536
129059
143511
488828
541485
447885
498381
452428
188184
580510
181990
238073
3932
263135
19739
540760
577650
548772
549088
522330
196706
543391
173580
517629
454372
113810
194579
180667
6051
298077
372555
56557
329644
30608
409433
136651
447095
494049
328383
349046
36028
479528
525285
250295
285965
428834
288026
3771
137824
135094
298983
246639
206624
250645
113360
349291
129262
445774
191568
200665
304605
292183
435612
552589
412781
374564
306284
106896
537393
228746
245654
249676
443702
138119
59295
351903
254976
365353
123599
490046
330683
181256
3623
209728
75477
382291
378662
114863
281789
58073
304528
270644
348382
218142
327913
121633
86754
120376
14686
528189
44719
181739
93014
262323
142825
280370
117407
206412
310772
26946
559566
19184
334713
146099
41011
481909
168647
137412
19769
100599
302661
99597
437562
459826
479620
328500
492774
121193
92801
574014
413245
276507
308605
451872
569096
235759
339759
426094
450952
381173
506740
46965
59682
388312
495665
574049
322726
329993
534559
8290
119573
159459
504900
557497
328437
419780
40114
8781
466656
145952
4535
513496
485139
461522
308549
28093
399769
134801
89978
535033
148251
552814
72538
246119
91006
194594
557114
33124
377853
535524
221509
254139
196393
81616
522818
378700
258768
186116
208261
218513
180831
279831
473888
346071
68293
434214
92002
148525
261758
148215
270045
158824
332315
459765
409092
5355
268276
301684
456653
478769
458143
295887
230625
386619
478148
500389
138821
299959
556472
14159
125160
440752
568508
120088
537223
383172
110174
161569
104150
260794
345635
499597
366802
252048
511058
261186
225268
239323
284605
412807
193951
195886
429620
466771
221865
374041
79768
243957
519639
3457
319965
306393
468951
497076
381729
491660
419001
557399
175830
270315
555478
293784
164997
267126
318763
72514
508612
10369
563929
314051
123220
129100
148193
456224
443139
299647
489834
373866
114968
208201
404972
479412
28976
333730
155951
163136
41104
312539
343404
428310
293175
133151
548420
195353
492544
37059
35478
55466
570632
430530
207030
359691
497226
114398
522660
374971
507237
337425
257958
172434
102223
378401
20279
369793
465467
110240
207557
10495
310928
154556
513099
137806
48825
340547
333406
180563
250380
455355
90148
233005
337304
562370
273999
274277
574717
183670
457976
336682
181125
470002
95027
258027
412377
196291
235838
39716
241310
156102
91968
156232
524881
517211
74663
123008
505145
16518
135076
85035
110395
176306
491666
390796
22257
49068
560967
369058
572055
529377
502470
92032
60340
179390
64797
534252
198682
305347
137154
444312
214261
244847
84163
81826
173451
263014
373053
307108
276325
342030
309084
319062
334760
551793
324816
546164
168725
479218
454693
405894
300008
238302
347111
465591
490897
136983
562645
370413
543469
89949
169959
299115
345839
23954
408492
439200
378272
377525
275371
181128
353000
549236
179876
469480
440246
234834
146769
355492
103582
263208
359234
142941
241691
271875
208494
212866
445351
520343
100583
296106
271035
115033
504454
126638
202004
233039
282002
7583
369575
122998
53731
435391
499997
575325
288451
313950
191464
310645
504699
560789
266165
526645
244065
420410
92145
560361
550246
369788
373623
282155
428945
288639
185962
462424
447113
559301
112011
148986
109106
564643
505739
303357
460872
6397
288982
450247
127749
75591
498072
31345
578986
414481
157981
178941
364222
423455
364249
467027
321057
228834
264020
565663
298299
38801
474253
297440
384338
518836
300782
389474
81474
418110
482721
520694
436438
464779
44592
514685
193506
164972
549172
275173
377361
385921
168129
391620
178958
331577
397231
75055
540099
301575
484617
365267
13332
141634
57871
379518
20470
557220
432806
37291
187540
159118
248682
8093
124002
262758
296205
544301
323243
539422
386414
214926
107054
403231
140522
545867
508311
430567
506414
207065
127809
407651
386794
562611
250352
143845
491904
48384
536166
56857
202298
406855
32244
163104
486501
271002
339512
137734
478967
528251
525766
438707
227802
496818
504037
105385
114926
207077
438919
292823
74629
21994
525999
46905
121088
228721
142484
305821
542304
113271
236234
286656
95044
323368
292047
346872
6631
481634
6339
573958
107814
192273
186502
159585
102445
72207
571903
560640
45599
549563
365117
68996
491250
360719
200351
309135
467774
170865
507671
374561
132165
428943
31943
369521
572254
524340
216928
17463
323810
248045
59949
207797
456146
284001
353133
329494
186991
416559
450309
378814
135420
360986
347697
144505
91612
349030
381216
392809
304330
434870
310716
23424
121443
214184
153734
6688
521530
407548
232809
224891
562574
26733
194788
465093
75768
473720
258834
130706
403955
292101
491976
256628
262736
435583
176542
488206
214943
515136
4208
34418
203671
460198
83271
372003
315243
349486
342408
80470
17604
34625
509021
56877
187230
318630
118885
266379
409143
567396
323847
564707
435011
476767
388434
405962
185906
262549
250424
102159
478184
407768
565248
261902
480012
577251
197599
503616
155199
93417
470521
569775
492297
73174
391912
511294
457033
543980
568406
574722
509607
517261
227093
123764
59683
164241
334957
327144
25
421393
457217
95033
472416
237505
494895
421991
568005
352482
527504
202672
122947
364113
251716
123055
198532
339470
219423
178193
426420
23194
541158
464951
169203
480520
516673
341049
519289
523894
238822
429762
554046
540846
492810
43425
443334
295563
308752
137847
455704
204272
441411
168763
59046
445131
218283
542112
454963
195815
540694
147319
160930
60822
27070
152327
355387
350930
92679
174423
572861
486960
351914
228560
139568
92020
213361
358685
399058
542350
473676
125635
116892
370043
481565
36941
358765
9520
581183
552028
497804
411509
198308
334542
363228
38177
88789
224178
418563
24287
294890
248755
450245
545526
395997
401045
396660
400568
83626
441891
230522
264909
256290
172491
48383
91989
283586
116792
61849
299180
129587
266302
133115
24264
207941
240217
19324
396432
42472
351935
318461
183390
560885
168543
107716
20355
457575
46962
420608
248911
349817
441972
134242
35722
30600
382737
142646
434234
183504
237413
386080
111553
358748
267951
401287
327000
250768
441640
547460
83013
412868
389410
221771
341865
242096
281121
92771
69328
546447
385075
403197
572276
237286
77847
465066
131564
222026
292387
473955
559490
562328
396039
322056
15885
528425
450054
295068
40583
571328
421136
201421
125690
497312
320445
515962
67438
415349
496300
392715
45367
290560
103726
439085
149842
515390
241779
205214
278306
388976
296192
38775
429671
226957
411343
25625
353952
554823
393735
262118
47333
556835
26970
292410
315018
362936
67106
506955
244839
548619
544156
439123
356836
486484
225358
414487
287922
353504
160199
207698
133061
426663
91728
322820
118480
569261
442414
335326
176904
439865
260363
265957
16112
260883
559218
516827
26803
338766
271499
192955
312220
457907
496752
457225
505530
61209
367092
555869
154
251741
267731
38837
210951
543389
279012
458574
430856
197254
436797
143847
398519
233339
88899
183939
315383
113114
285307
388841
121965
136375
391324
363325
216480
172597
403360
264868
374372
439486
8300
308436
39828
43895
413676
301479
331530
139873
157657
34143
540925
531512
326176
278776
399016
255925
474780
552276
528130
456679
305235
556817
516084
528257
411225
338256
242387
336949
28874
76619
26026
182696
287567
401758
6603
459084
122172
445141
549907
35594
331049
304459
74309
472266
267076
101160
516947
196244
238700
317169
413616
201134
216682
109148
168329
16995
101807
152588
150919
147735
289337
384230
25239
29587
250870
223577
489369
101794
554442
62154
472795
9553
488632
224674
100008
491997
467157
363474
80665
22427
243574
485149
396578
466191
36823
258927
440359
455613
102996
538581
485954
189504
108627
457337
142719
395800
361119
64746
753
245946
374431
437517
242520
390322
382126
504516
33765
271949
284778
226039
5862
232952
303227
24414
382441
167973
573181
340898
476109
540449
75719
256022
202881
571544
213860
25854
43203
181697
502604
481524
342078
182604
332420
521721
275885
529050
536067
415370
23699
75881
147883
125703
189670
360585
384258
418049
574747
266696
553373
146901
375407
92425
454996
430821
490689
561371
95877
17320
542928
378419
274685
433075
550001
34629
527183
132389
195862
27617
393844
519489
540538
381854
35474
482740
187610
32193
70588
171058
491525
264976
57445
63320
503385
446084
78079
575902
447741
347238
254074
421223
325095
177453
115887
373375
188426
34773
319865
303847
86630
193254
184610
481911
326774
47134
306581
489971
143221
409850
215196
283627
6710
162206
561152
86168
206362
63553
229342
325950
417825
996
267560
425292
495039
275709
339684
225306
325154
162031
374717
120006
463338
526713
553721
533519
391989
508208
455257
130147
231616
202503
157497
67742
412490
353662
342851
555669
220376
354258
416668
128429
510154
12597
20768
186442
368081
147976
103549
482563
81390
495734
189600
510333
288602
369016
204103
395170
567186
141695
43712
468773
272518
33924
530040
523403
327328
143792
393126
388658
566724
37552
525813
38353
363488
416819
37382
466169
182454
281358
420375
133731
454611
316795
530658
389721
182849
1907
80105
176796
490031
240414
50261
246345
93531
352601
461600
409155
117789
22415
127729
491910
253674
36942
193121
34389
575643
233446
94038
486713
522891
556554
571728
74268
213432
219679
131497
87629
168847
545428
349566
208589
279279
508456
474446
527879
333887
237597
405777
70943
398580
210425
123921
498650
501054
571671
248069
253843
97029
72023
84187
543728
406451
229494
427344
141201
85086
14683
566998
174700
366615
396625
473587
86137
136922
518298
308263
290165
430394
10691
179576
213951
368738
363331
435096
534988
195649
228506
221927
79806
421382
461775
389150
243464
115763
180824
407386
536195
507739
331137
482589
176925
265412
275276
282879
479938
108961
254432
241786
580951
117146
8549
87977
341116
159127
291665
414700
372592
290678
319364
297979
60812
400642
3999
552553
304357
115749
61720
423214
29680
457768
37862
553522
525087
430523
301429
438255
541267
398674
278309
934
279386
210144
454217
73981
156858
567997
506224
448732
7953
137730
572042
3926
484973
119169
306848
383141
332976
44621
155087
284488
509783
410533
93786
134605
574706
208327
529645
197458
407905
91465
551596
7205
316089
569841
427868
68023
543547
366956
114119
524991
372959
303592
389673
449330
178429
320173
513888
116464
415360
197212
454654
388466
56158
463751
203867
69605
439628
62427
369817
320403
248381
137842
417766
495143
539906
388014
408235
499051
188824
383651
526521
55821
164921
274105
22374
146439
262371
163460
178774
443934
254291
417802
180806
253789
512183
31396
391976
85962
234217
217341
329515
65604
61803
511639
158914
28006
451151
43308
34972
311412
419062
192532
333424
74554
352789
56541
566765
420466
111400
338385
247086
388074
384718
404929
470525
529902
80982
524382
442875
110979
471534
3862
103307
505163
567503
550906
447602
460005
522106
532439
243845
228854
559902
140724
94922
225398
233379
17923
350484
207913
353807
258555
232701
482310
238431
43291
221685
235713
431060
454647
92173
418652
4508
262098
301928
464980
309852
330593
252846
471771
370724
568060
157221
424731
44509
182291
174871
447934
267649
281475
372343
114898
20193
158088
270166
156308
30156
224128
446585
171809
24530
530059
82788
443547
36501
414888
310082
175739
142454
199572
86811
360805
10321
381684
404710
384643
26538
241530
376691
200752
94813
396326
540922
58443
552657
1706
342703
427165
95892
182773
189083
433805
556880
461521
79196
338427
312544
501673
285212
45459
399349
286141
174787
230515
25516
483275
272803
154451
283355
295896
537574
388980
193410
235700
551994
578580
183719
277592
6599
100037
303127
179454
438073
230702
58021
376017
111131
265895
276376
494283
122934
133831
81591
335690
285093
279256
221169
423247
39798
288691
546622
212893
396165
332439
284641
210907
89818
130967
126502
532247
571938
39791
128849
343880
250155
392546
216051
405630
486506
499930
277688
374904
354491
537773
325770
111636
383406
154057
473952
185030
564264
376269
244804
32101
550356
200720
82475
509891
318571
95517
228460
86229
286813
35927
75131
229885
53591
566166
308080
308343
234207
208861
372227
546378
100253
298900
150235
255420
378313
3480
282377
411043
66800
164502
565954
369838
361212
80713
578020
13294
467854
341900
468078
494285
240393
129553
571249
343610
180447
197461
238232
388352
11324
43448
503144
396014
341513
455090
423717
126321
180524
41802
43165
348204
458478
565769
81592
521678
140390
173385
157673
557254
223932
107375
497030
456176
243418
495167
481467
481688
226840
315663
551597
465267
541558
336741
117841
96244
366558
398632
530535
414046
330974
533525
547115
161840
46508
459566
188922
223447
557334
12696
572108
419979
127573
306975
123765
401836
87017
438667
428858
179159
326814
26768
386194
8457
520883
221089
336804
118590
189939
456755
398279
448723
578627
10769
143745
220135
217991
34920
47425
327498
108353
26101
5344
414421
179570
349319
566941
133565
214569
572370
173279
347048
221730
416315
515252
499202
211449
305690
116987
468061
395155
550157
96618
372029
255155
69504
546222
122229
235062
113168
171142
423380
551166
290659
172490
153428
94069
430818
332849
409909
445994
296984
80987
215744
576759
91650
529344
555771
489266
508454
209289
41180
354525
6842
92188
382582
271943
187866
478090
24372
237622
263146
22462
455750
331119
10211
460129
371117
90058
347879
277918
347736
566729
217034
377576
341584
15392
408336
208459
89005
169245
400199
311290
504868
7781
292365
125652
494721
21161
189770
54953
358527
567346
389718
174305
27159
519728
23137
112085
417074
372412
78137
75818
127103
390129
488792
373722
357626
190690
566598
463670
55645
111054
164287
542084
154111
312454
266133
94340
188639
422261
88005
579865
373679
54936
442468
104510
558348
212976
501006
374629
203559
398172
295250
371890
288117
231222
34824
25401
357471
18072
127643
76866
372247
318476
18903
370638
451493
138155
101657
266515
356535
342808
322121
231828
453620
73936
353351
284658
334772
339738
54918
337976
129820
574000
514082
376336
42441
361547
282793
170584
232085
581423
434263
373613
480720
40069
555339
470012
379165
514173
503781
258788
456919
447424
437206
426690
499397
339535
186317
563371
354679
129637
34356
524291
293543
149410
324521
416610
318740
440067
234475
526754
5263
176082
476011
15811
219158
340058
374266
389582
301362
412363
236117
440133
257972
320308
509367
356967
480790
144250
549182
496267
485083
361132
554617
549216
527908
116526
8458
83468
453731
517294
431931
345499
501635
172303
30356
4956
14804
93333
311726
12495
286302
11100
75691
150987
199653
176891
292444
260838
407112
554731
36237
443984
475610
281461
38890
542173
40419
219248
457275
406988
443391
461967
104692
571034
449256
432805
568654
136265
382500
499656
426874
68894
576111
8786
449770
427729
332815
139130
517045
204379
148808
215879
22874
254045
543354
320089
397976
267008
128938
311062
239181
350134
261575
15984
211573
469317
279331
474208
237764
208994
227329
441599
480167
198921
264838
186275
262393
533424
476173
81995
470977
241288
364589
151678
26747
266631
234032
192145
249599
456147
523681
409369
356949
90509
27710
272953
573179
574388
105691
302845
15355
16573
440455
266207
389964
573246
189617
16704
287235
132646
11696
237273
43535
175021
459563
241591
255598
314292
324285
16875
369208
27739
41322
358136
465095
110298
205103
403523
39535
577712
574402
32667
92711
563403
308603
524014
503893
160429
355571
233022
34861
236338
257568
490860
59691
134597
382898
274786
63873
167479
554805
77380
279476
496554
393852
425027
289754
178268
121762
488374
25541
514118
201907
17602
276918
389996
465969
325331
41366
82135
320752
51773
315581
572075
4706
380912
393995
322827
225322
13900
344319
246470
11825
168698
381786
408736
221328
516634
70187
488726
473634
533283
362524
477494
522871
391139
504191
435584
262275
270165
394458
464558
564812
538190
562745
572353
129803
227713
90366
194313
190056
189660
318462
294073
479578
95814
110724
350897
546105
16164
476848
304558
138604
456262
99676
189542
505945
240873
160447
231362
526534
571929
402071
12895
197329
116675
562289
139436
527925
71792
110258
210259
411912
513602
488796
373758
201104
191169
573067
29732
203551
225032
344127
313091
258099
253829
531973
538695
295233
513724
142629
451440
168609
44545
151235
174507
304633
475768
310958
220922
497642
3353
150704
567448
503418
177530
235547
367521
209419
320020
52020
67572
196798
511148
93948
509565
180657
471929
555366
130681
421109
194820
442312
276798
111140
566743
233245
335610
134640
29577
280959
186095
5085
399213
395973
384333
96514
336534
237085
267516
231705
386500
429765
434066
109869
294749
333407
347557
295359
306365
4011
137811
437868
327502
88754
49443
581717
243135
440842
445014
363248
307265
224055
320979
548500
223410
61760
408556
534722
512337
86442
488440
471096
457060
539908
219760
53531
545950
74013
80835
53150
441523
464633
432906
253796
57812
292302
104425
193911
549194
36755
488139
174185
381858
411815
237425
211618
153601
505919
309694
286720
306855
493189
487810
543713
284888
576581
27763
149349
101050
500471
2444
126388
80168
551364
56898
211844
425628
312154
484547
354424
10580
528116
210710
72556
451123
504024
521404
60513
45071
173251
30142
368132
470711
404854
145288
183199
458083
344876
524131
152293
140590
48821
161013
47255
232574
505592
565462
431410
364725
96226
266029
375765
311082
279871
34113
160661
52982
296056
201406
108152
201918
517764
499225
268644
253487
118379
396054
558169
296188
571219
296747
13943
203616
90350
411937
187810
465868
94231
555673
438753
30421
568288
480991
19131
401820
20853
326801
315441
559053
468086
248363
53748
250367
581702
108042
123036
321306
255554
165062
323494
385540
72793
188718
458308
203653
104028
555882
364617
249532
357340
303629
1323
132015
291854
214048
292827
346207
537604
430551
203768
327944
54717
306724
17651
260817
37513
559047
290521
349469
218599
348805
79356
237721
431855
325874
83476
79926
447090
156458
219264
139416
412899
33157
126145
247641
503793
456709
147838
282099
151103
50736
111673
33799
498397
382356
75673
401812
111165
107610
308812
292160
187401
388113
112734
521569
102663
503637
191675
401685
150301
485865
509154
528786
215315
541514
494675
120926
450370
239536
186635
89121
210275
104758
480823
190160
456376
147556
429092
675
267088
179690
298893
517508
521947
51250
137057
5577
143825
219063
350083
322164
44642
471566
356478
309881
579760
65095
439015
48111
371427
445528
443460
145174
300881
508846
217726
534074
170519
345244
199252
89208
187349
228309
394441
38487
224248
516879
9231
314002
417823
91675
18098
20966
195600
380720
449132
537248
401720
506621
257791
296032
81748
292135
407936
142757
284772
378066
577083
293448
172993
189983
329641
117931
67941
526565
134160
200023
421028
300725
303541
198434
257946
544481
308143
379077
492075
580652
440352
2400
111376
419883
152789
226571
2753
296946
389116
256260
409179
16056
57930
36481
451952
533751
456652
62549
343606
581157
15618
512920
225713
225264
566016
487534
381875
532857
151646
292015
417402
485687
120129
523183
412693
70353
15113
569582
132170
405135
383368
343680
454730
506574
164594
135467
226345
168387
147425
317033
80864
566653
538976
42341
539971
554168
176263
253988
404205
542936
505858
231596
141994
538586
326081
403221
442143
299444
487741
40102
514915
45710
317210
484494
480205
79380
332485
96983
428214
487422
477673
36244
74001
180925
279428
350245
460879
254856
94825
483955
367003
45693
75405
187432
292140
355767
20757
188727
124728
23357
35217
110482
286414
476282
73591
226524
160325
332734
48139
81035
75057
21345
273579
101720
174113
90994
100098
229387
139555
581249
554875
355975
540774
259149
70421
206548
452187
58431
471136
460757
1085
194030
456773
98328
464081
535101
488964
481667
191947
581089
120767
542488
400027
349964
124815
48104
266032
453400
580382
48271
214989
288127
394325
339129
108923
417849
225623
191050
46149
491739
175383
147934
521199
179118
76203
122458
99701
5418
546058
459942
492659
561560
3067
441974
304223
101094
542174
215394
549225
481665
219059
79501
7621
576500
198205
173445
129631
71441
108802
277524
12443
168784
163220
238554
435783
232417
178798
391632
368686
75535
144725
546474
182020
240902
429819
574256
455161
434222
313518
321736
194203
118682
195172
136720
87595
316528
99645
422608
504341
212873
317732
27377
133750
63516
243446
289535
578350
35318
142113
531928
116043
235842
291586
67004
216817
343385
360178
387666
148860
253624
460038
286471
269344
241461
398191
82779
299623
77063
228318
139105
106269
172553
124266
347650
79085
486005
59870
502495
266600
102355
567055
464105
187351
226734
467197
269496
565664
193707
90349
33444
297684
217247
137788
457408
48143
384848
564056
553392
337435
159608
426075
65523
330388
236580
30645
29306
24480
264193
421157
454154
155212
238377
357342
388777
319706
432058
315992
12824
433197
251008
493769
564228
463430
208236
12204
362432
254670
418989
206202
26356
518907
231998
274292
515895
27334
93191
285023
264392
401705
296745
495753
136077
397894
240691
188514
538423
507397
196307
237423
465335
298913
450081
527618
518156
236162
179763
150746
467911
172681
216332
370157
493581
180738
120860
507198
195885
525563
281634
229150
539376
59234
159440
546985
415856
294133
555800
217436
75334
105994
198561
96420
576072
426687
304941
323970
16335
520933
78026
480408
282442
210448
149257
374077
59741
343676
346965
238602
440097
141414
422391
45882
334607
265447
463865
492469
306830
147301
163718
471407
501612
76026
341737
522020
455476
551873
551665
158494
18654
513968
324040
392556
417887
558009
498641
67162
346388
224833
110230
268388
280241
87444
14271
503668
144193
402123
539604
524692
310868
281351
440935
512723
122563
223757
364719
461156
172310
449379
271588
517805
367471
414137
374956
38628
231408
239752
185384
473204
148263
281591
269462
157426
507101
385186
39016
450841
397760
53451
365696
117179
388009
173202
424219
88477
221542
322239
277776
78339
155355
570246
509402
581097
201190
28878
250276
37336
159225
479586
15595
7524
133571
510781
581033
207097
458705
29189
190211
70685
286480
218854
139140
45771
188589
13556
343774
251277
373419
223462
472762
53479
215223
465257
573355
162462
319735
90245
324937
487854
141330
178553
559366
278184
149912
146163
247265
489849
316477
325186
269634
357117
549612
16764
84192
580932
407027
313082
339927
542487
281815
11554
540652
203778
454155
241837
17324
185588
453152
163683
236572
267798
45306
27646
424279
509225
162300
286785
11202
296700
156974
440900
9735
377208
320808
389584
54655
267777
391426
532775
329528
560637
506723
411685
160712
108113
523473
335579
228882
207549
543222
308872
65220
132183
454860
9466
372862
283617
260942
464546
545022
153783
321673
371960
252617
347858
362370
121356
437714
488014
224958
354921
179441
452696
220564
397582
183004
500752
429289
514513
407767
320974
94140
52290
105611
206109
356406
431312
580427
184557
65490
346412
91839
81686
430867
382118
178239
311683
75778
426849
493570
368603
191758
578649
540564
279919
512322
431335
550872
27478
233815
135748
272022
540529
122459
546792
288941
329734
297645
115378
210276
371038
93034
20164
535089
353594
87377
580162
459898
89044
216944
407387
98949
304758
510593
33494
54182
513312
581223
546228
93357
391685
239928
135878
336172
501498
458153
560217
56504
106154
399185
354242
544866
534107
6450
124805
361193
163738
259542
187334
142239
53221
183453
145259
497145
553698
180086
223734
291257
536045
308760
279388
515403
334614
78656
451772
379226
58385
26622
44474
304654
50912
218561
410904
45108
137886
575294
366643
379210
576513
174932
341899
505469
215579
535358
407202
180287
469661
402762
26281
458424
134555
164043
246503
467252
158989
491113
237515
234293
1554
206247
29895
11401
468383
335184
500859
524130
409247
69745
79602
115524
56713
292030
180168
438154
520868
257058
443957
118911
345813
532684
440650
270034
149199
126815
235840
186842
337509
380552
359308
511527
94618
141219
189966
546742
414112
41271
107100
432968
493552
323502
144746
337180
500527
197875
39520
548174
190580
549766
370175
535080
8320
388330
450735
56262
264127
211852
385119
488316
15576
177353
424160
510383
69729
460430
214241
382315
266627
302543
506799
457305
512118
110155
319914
75162
206318
135129
396933
534972
578334
330500
85288
342683
208724
237897
134490
74312
157435
517696
241986
557823
441009
292587
324776
557965
403754
254050
139932
517148
8829
54632
148828
152110
346849
346499
486171
193787
289067
322220
278414
385856
22757
37567
283210
397958
557150
24002
367468
476856
113389
427639
539671
354493
514213
214119
376236
501578
232051
433310
151229
317173
574316
373292
550540
219474
120935
50583
307
169361
43376
294581
375140
160852
518604
469894
187037
231126
129139
455181
43455
436941
71093
62865
374563
393971
508710
374974
500576
33625
462849
454818
229107
294087
265742
165643
575923
52575
199641
342340
22178
80208
237903
205854
294608
373583
50322
513881
216443
50972
557239
265059
39014
147890
288852
444498
447928
436717
86317
10107
89540
466913
411291
82935
440311
229456
26732
360751
208022
91300
261082
273728
23201
105658
341792
53369
395019
252208
404444
534855
410648
164391
227946
53640
581422
573479
239037
563178
40428
51027
300979
456003
404398
312735
78593
52925
225121
394976
385601
27075
245006
268726
407038
490810
54305
144695
565110
502380
99543
372669
385379
473723
143612
380011
581402
390952
362175
295585
443733
363489
559073
218031
511472
1063
127304
567751
250564
204087
226693
2211
84124
428787
102672
399780
352505
157267
358799
381947
97748
228029
576191
280709
193044
320045
328780
543686
122255
5142
221915
465854
36757
112349
202587
244760
113676
447093
409824
44227
450219
124760
473681
379607
176195
554936
318837
471828
522653
294484
482841
172163
229821
312204
194551
100337
532381
311583
505471
136093
285961
233647
189737
339985
86205
549605
344921
128154
287846
318911
548039
78941
552942
466789
207774
566849
172406
395268
341143
284056
402833
432529
459736
365236
224391
87338
505784
339009
445768
313983
517029
152965
335092
576157
244368
476104
359702
21313
383553
353948
419386
193829
341775
69003
472841
107620
190241
293912
135126
62263
234457
423337
296225
341963
431165
512086
467339
93764
520005
529500
275398
401218
401061
422424
355830
148634
280132
57250
370798
448251
212138
53022
176785
219894
82826
10248
521610
373578
326610
407198
137238
209383
450590
297108
421848
551517
74759
561390
136664
567423
361108
264502
313520
385803
244222
437630
517603
111648
468891
166849
320286
291348
315860
305661
555909
49845
298060
474693
55715
442080
303389
424633
104098
220770
93171
202272
535292
72605
459064
115311
551305
92534
16237
70079
35413
516889
6447
433994
122028
85236
134306
142274
204536
42696
152987
519716
152737
421596
402590
371029
511806
577522
69500
69959
339575
476481
250804
229631
162801
205607
254806
115356
403567
385204
400475
91973
468670
362284
459598
212903
183240
175946
81143
118997
518361
235446
159702
112482
543897
528269
189864
404385
378428
178818
79407
321554
529671
348816
168289
36277
105156
561599
276549
516592
453104
409513
215493
108698
170898
210697
493407
137961
39617
170000
52637
73000
31893
570452
425914
44860
520422
130759
104596
74035
217832
127920
383641
165053
337275
489167
436621
386850
500723
164667
568237
403720
15267
222691
525152
536711
325184
364683
401292
67115
224104
387434
156607
514668
464871
210981
77603
303666
474969
519657
486910
488059
97543
332215
319337
441083
129327
550394
279550
332722
168879
406491
531076
536786
148546
404982
440161
4410
492352
333140
29616
157505
316553
306711
336764
34691
498383
382714
115721
448851
228647
103403
90010
382081
495790
350854
255365
66929
268071
562092
327702
565884
59652
220266
304828
315028
408362
176474
365205
460533
218114
502847
239618
328018
142342
468280
103318
12756
14430
377807
425041
362346
213897
552389
288383
314139
567754
316802
188552
283589
89356
489248
461774
150098
257732
348951
26359
524572
234291
200143
275499
169229
287422
538099
424289
372022
485489
453889
29341
21316
476960
349573
203462
353108
534942
267571
279511
318671
194009
324456
555951
34170
502311
264377
503643
243500
13986
55722
486655
398434
365703
408824
94826
11802
45360
180363
557780
381961
184705
496402
439124
18896
340270
76781
7601
73075
59971
461963
59179
77408
126869
459712
145056
361439
552575
19151
146058
553850
160200
418506
422301
219798
213895
186009
559950
526456
65953
151915
46323
263147
370583
300895
29914
343972
378723
432016
515421
521709
265663
431897
375509
28251
350491
537695
129072
144429
9474
107227
264180
36745
146256
114616
569706
146767
22815
385302
149151
251639
398767
510150
166657
285968
347292
268570
446633
186483
394478
414032
505286
397897
182402
137507
172426
172017
478817
468933
563797
229603
367743
467818
409333
270505
345835
24458
137836
261596
196623
44952
329138
158031
13550
500321
331900
445569
553366
32082
112388
274250
22103
240155
280396
367310
160968
547131
341006
453311
570403
260951
417573
242695
361332
238095
295016
334616
260917
87518
574144
346366
202387
344672
441108
37746
288955
198516
121229
126432
271785
373396
128711
356544
65564
580540
355075
61025
346223
432994
572886
238453
438795
218875
397832
524115
532644
440532
159457
38616
310757
476736
312890
386581
429758
560628
280059
98616
500092
562502
211063
424760
422185
51550
503951
83783
393325
543719
415571
145369
207978
67532
225480
368363
68203
334822
293265
10219
321133
94651
348247
375500
1228
367579
117891
28738
472907
172265
457233
581873
553154
459600
288263
415269
103841
493485
402862
370765
46609
316694
192450
329034
358465
436802
163715
362677
569379
361339
18819
326313
46877
228915
54837
571311
424193
372362
366316
456045
368253
371258
223909
419048
496606
446815
375580
292931
80336
133449
569718
439692
113418
558036
102333
108442
511307
574834
433619
88499
531414
36973
420210
43576
233272
92445
494240
20613
247925
36732
2295
181846
290828
37470
67995
124926
313260
111004
240304
315905
124694
196480
483149
547155
573932
505658
25974
298304
282600
102614
221889
457384
47743
579567
22596
487644
46975
387876
498353
321385
76195
60568
340160
92109
97428
556983
31376
564655
203299
8639
448599
32586
415026
326475
223228
146623
127710
167755
158137
516194
478962
168020
349809
57345
298382
564053
530912
98760
333846
499541
541553
100530
451738
257391
69562
350939
452168
447108
375948
89503
511724
114718
73061
163660
469499
140252
242113
121582
341950
179088
11968
169535
301347
229740
148055
70441
540452
79660
192747
97182
503235
111367
353543
135978
140813
181449
255954
519075
357881
448024
84448
439171
245462
217495
573753
345781
75283
263477
373729
490702
180830
130017
22326
45603
238915
429334
437857
217393
547607
287270
245713
545292
347610
395432
79445
227598
332182
280852
265433
244550
283471
557451
36218
568788
322398
531000
287970
195159
298979
547421
398702
354799
287774
61535
565799
498949
438077
561393
311104
389984
99135
196676
567253
567219
39395
342885
442614
444273
262727
564688
143876
304091
365464
441532
414102
290942
7506
344624
430756
387000
45496
516619
219426
185774
20384
11340
435922
16761
279647
252025
214478
350014
473448
365013
364994
351760
148839
214320
227781
199485
329262
205272
305978
355778
404350
383705
445004
202099
173056
358814
231581
197401
163372
155749
544698
505538
170774
447714
575459
571909
35506
397365
111118
575
57339
218312
287188
520456
408041
484214
362079
250703
495852
436214
418168
282142
543385
401835
148968
252745
508977
152488
37729
359365
282840
279165
187177
510328
324857
198437
265313
5146
291599
370857
255179
419344
45721
168541
409111
206415
71090
108751
453538
165034
555782
423938
437240
53345
380086
217511
179874
413757
60202
398005
465683
374107
189853
471497
418625
561411
210353
38092
536615
274678
444464
377060
236954
21206
313993
424800
51504
235443
569272
129431
161617
270836
399554
219312
122109
529626
234599
562688
438059
141441
137591
573430
9851
416386
195579
360165
25907
261824
400971
383293
345432
565951
516988
424220
470411
516396
534959
33127
523594
415492
106229
342693
209256
163831
522380
502798
213851
441165
566681
121649
580334
196879
216613
43266
499028
268227
232987
502275
465695
332193
84243
116562
353893
570392
542248
375568
560753
17966
192104
419371
2056
91857
400285
477389
66271
214137
115080
29747
281014
325327
330883
196971
189152
544039
383508
283456
47406
377804
281598
395958
358890
450910
37563
413650
14928
481281
98394
295443
85005
435923
446383
77360
487514
321305
535432
327936
71673
22287
75254
438738
24990
22627
317091
497579
42694
300170
367785
533239
240653
473964
37932
308528
126447
2342
574275
471654
183806
276634
95022
130005
472349
359066
564273
40931
184621
287506
98867
66828
425461
99393
469687
122196
556112
245852
372460
353136
322870
269532
388922
524369
482994
202129
91348
382710
34909
93391
549687
295097
13383
79469
427461
151497
543254
474384
463477
229840
414397
494445
433202
110707
486921
167369
413634
44060
475667
423826
67419
487650
440694
403627
359917
420478
521301
217928
28872
366955
301107
356092
338549
551063
67577
426629
423036
224168
230014
33189
507557
536576
87697
160171
508952
406786
549649
385157
506783
83651
108681
37119
316871
219229
335045
102815
484689
49814
425153
155003
544263
572627
540509
188987
248481
29194
283286
60710
121340
268659
287903
344024
503077
461821
160437
515622
125928
185719
146586
127785
123413
402362
233383
28820
66798
486536
125380
375788
178178
448627
529968
265766
134918
270148
474721
523536
532693
553761
93866
413896
19102
435136
200477
141376
310440
93621
245953
213945
197318
176180
235862
284644
376701
344801
260978
236552
350815
277038
361123
1451
516071
196584
111141
154254
246530
111970
482157
461326
419735
432724
117019
567613
359085
86215
223511
327575
430590
540669
70636
106935
552093
171613
200817
375169
287062
95753
63480
577643
130998
390056
579787
410226
236422
169466
106970
494297
293121
413635
229566
5326
116617
112553
570423
344181
135032
424858
117131
365139
117418
23594
329753
361022
505102
528315
43128
276986
493773
541944
529549
427921
69733
60482
319257
483139
390414
494190
50794
275115
7853
227606
47848
497760
132776
97610
520996
424297
26762
466265
177109
355108
82680
304523
3209
560923
363499
28540
397974
461475
299212
17873
389969
483156
347673
92674
341270
141827
576537
295831
450102
63251
41103
333170
161178
386355
551736
442670
179558
217165
372634
173864
469632
317162
515195
492137
481200
78511
87232
434379
324708
482314
75742
246278
543747
464328
550978
530730
386785
526671
30725
320533
210980
8612
73387
155117
367229
446470
328858
472157
398616
492485
580084
140542
401625
179024
422284
308582
472314
496252
338475
236998
62790
294008
142299
60687
365259
81915
391829
207117
454601
364237
518245
274853
254838
70411
346337
94087
462840
458175
269798
497443
378968
551861
277436
65195
287302
166762
266677
267697
360844
274314
301985
170035
461162
495048
363702
267813
491102
370709
193821
513703
452213
55744
35547
517318
323457
444805
483074
304534
429460
447999
198178
170250
269704
140702
470206
414109
324188
447044
66491
89579
169365
443349
38938
218310
176522
342203
58106
430501
69705
111819
465220
457085
530987
469902
388322
208984
324950
180418
512254
233637
463224
559700
23004
509518
116312
213158
510235
494870
173908
375637
157931
257690
173046
413543
431159
504020
346310
175565
332385
131415
198671
528232
299782
93571
28097
406732
533603
412167
203463
220777
450105
502204
108851
505347
97580
238291
551677
531995
329629
106226
286349
463172
426151
461410
316001
243355
323466
562389
293900
264169
58654
110777
168948
328981
547459
416469
138095
525568
318469
523831
520445
330435
85131
359037
18886
460287
523292
163030
93287
402454
381555
570528
37716
197192
67935
300179
99230
28273
142953
542343
275219
432171
344154
453330
503949
512298
553871
309257
291541
200202
246723
451940
573928
550660
295931
540885
290355
291412
511014
569253
486586
355156
449259
15190
281213
118086
545804
490112
343887
369367
77548
569249
327218
395424
301554
91784
372112
197236
414679
200727
39750
104565
132099
252265
171768
56800
33830
462710
103428
309491
405278
373196
104544
397606
513371
251816
302164
169855
476652
435069
404262
316383
129166
412857
489442
234653
491736
169934
109403
568700
364244
185124
459643
224695
556782
27466
164935
496870
460403
99077
173350
376785
226071
184614
467809
494884
27433
354126
446409
37707
104691
295107
213010
462997
78305
425943
422121
212267
486421
208849
303361
42675
269199
506540
568034
316660
92909
67590
245419
31411
371283
29911
49115
576801
94538
442146
132752
439779
43750
306173
578902
455956
266442
379378
130047
480464
16180
376945
220307
432917
66700
537169
167874
197213
74446
54728
199570
268948
530407
510493
191836
538843
450518
243330
78771
288579
538132
69510
312694
227202
338203
364586
18424
463534
382443
495996
164141
67271
32677
352787
69231
528418
458603
452807
452412
14998
189742
266038
281296
69426
495476
312943
431879
27463
325147
477137
560161
251042
343707
337730
26468
83725
529503
321810
40621
493522
149027
61237
477471
238201
579667
556694
530460
270234
359825
174573
48308
413011
111448
264381
491481
350720
485219
579593
26702
417738
490016
342085
236096
125836
102912
125898
14820
319682
222948
167193
233500
462052
353149
466797
545920
371836
507287
43289
102030
380525
14857
463883
332775
31164
11205
145544
199888
372250
258523
44603
168781
386111
446512
533224
519490
489719
224182
120670
146824
135367
460909
294314
325862
478553
107935
554566
51304
440546
250543
283383
38282
347340
150360
549042
574619
181351
281595
188156
578108
550713
346614
424658
442857
318702
230597
267605
219632
62850
101245
470462
101697
520235
187976
494211
350133
160250
269503
378396
469898
69167
44165
214984
534141
317480
186556
445594
31471
298501
129362
578519
544122
310890
553232
241248
95257
564570
99632
86925
553909
409022
370749
395402
429184
521948
340478
383930
422367
486397
570952
197296
189975
293723
214671
151609
105279
558189
511669
129328
65198
537150
563061
62664
319101
100318
539683
389401
479384
414067
418685
10735
470970
576327
395346
406798
47724
161852
197163
322268
73016
288106
577526
566135
400456
325416
525589
304556
59685
5288
449011
529389
18553
566319
574241
561818
431297
299573
99387
474775
173611
472582
329661
121692
190360
198563
510914
392186
32597
498160
300758
72632
41649
227218
537720
88757
166137
380395
299568
552945
348668
231846
530686
437745
411399
140636
214565
209015
89848
45186
112124
175362
246736
526341
553436
139836
376208
474356
332876
80328
302531
115481
193680
407196
18736
477106
223450
143532
550796
468792
57749
530629
564120
223005
315961
293027
259886
16005
88241
348865
181649
232806
568765
273156
23343
235642
216571
215357
267812
503703
186547
312465
374061
467675
281977
419051
321964
129735
426418
287328
546667
516321
63875
216103
199815
83950
335767
152459
255197
349401
553267
33416
464321
35110
153879
176179
22578
372122
530546
288983
22983
548848
261563
352007
469512
26958
173484
443778
91796
240903
29085
293276
164095
480345
317407
387704
256544
532673
576295
64309
241505
234370
324436
429803
577975
410561
463787
59358
51403
7722
372807
271577
100159
215069
60599
538006
571944
328228
313579
3668
379136
103232
42929
402082
19719
354839
353716
455123
323585
55532
2849
7040
38365
138134
26765
461339
290753
287221
275542
102461
355806
496628
403739
150787
455400
275660
117284
366950
361051
484066
87871
264708
410344
371003
102421
404992
367917
393127
404349
386291
137635
182227
265003
422295
367164
306554
491845
3474
234000
283833
190884
23406
68094
62231
354569
167781
357929
163575
79127
564301
497384
337525
151585
285678
133149
572243
71970
38513
190617
1224
517135
245272
459451
438479
376858
527728
324483
298641
183701
190218
126381
216241
480734
37017
341617
290437
48925
459185
465784
114891
44022
173832
469603
222395
417926
210205
510877
365427
521288
287659
54744
244978
105904
440104
531450
256061
333368
469644
216998
395248
136285
330419
64256
407372
184190
564371
530991
260774
472557
33629
228758
78447
176500
89973
267653
532419
427471
466307
39386
315461
390864
199952
167802
271112
216980
512147
116518
435316
565691
348751
561887
68069
216664
543264
157921
372919
263623
255934
42124
535340
65292
93201
363039
295051
36718
16716
466827
277961
424912
569065
199610
133573
485613
336672
233520
177125
427013
30764
208915
221222
55897
485106
340185
425807
303010
347666
381385
354841
326511
345380
25138
578632
470714
446615
279066
23100
133690
356369
133909
195333
84749
335631
359323
437900
118089
266676
173680
201151
16297
121333
565938
147780
28037
168375
301467
19755
21566
218220
124907
352965
408185
284089
508567
292739
415909
357044
434509
57147
220526
537622
297851
505861
262204
300741
155012
57460
527845
402357
398813
439364
478406
11990
398999
390183
25145
460222
537122
506920
93778
469392
52638
159066
70603
487333
242100
239581
419276
369279
256284
490507
191262
244965
567627
226258
102367
533803
292685
367375
352831
171959
231942
345897
65356
249993
399358
520361
179338
193622
17311
446033
544114
230050
236176
255746
369199
380106
297126
500027
263328
466450
40042
341457
97156
432288
533979
328200
469279
546067
240289
56485
194188
242897
206636
342682
117379
315812
502485
251360
207542
88735
386715
209941
308083
370741
126825
29128
362275
97311
481711
375400
222659
334557
177323
504298
120108
134028
253219
185006
448319
130065
454854
346067
209903
524059
80782
404007
141874
350727
45941
220042
127214
274239
466557
370252
318467
407063
242821
330164
403853
195081
332159
446751
449718
354725
367433
579457
535809
398758
491427
67074
445522
139796
316804
185716
165057
22962
528748
568272
370986
88845
575029
127324
92781
317619
450270
412040
485560
168190
361248
134958
269621
415821
429905
219965
358695
256808
376132
215289
429236
263612
175729
350051
105116
244124
311709
346749
362231
409181
211340
349784
329011
433763
218242
135116
200031
414560
106750
47387
282354
346909
483897
63818
12464
439595
572069
452072
363353
57689
273930
360128
516263
310058
64423
577421
534484
207889
373641
461669
575816
114677
464737
455365
316377
282591
510349
312
427767
504256
31829
279212
141524
261918
549939
552167
491914
524677
279377
539196
529823
252627
16355
264855
200546
77479
103940
581929
455660
109873
111002
164698
465225
4622
429248
70076
174228
132887
278437
436303
126345
1098
27727
127622
206211
471665
538090
45299
363576
133482
473125
553189
392905
543566
388212
16905
144313
23163
137595
292436
238843
332243
117328
535211
337189
93005
388772
363415
42534
565042
225463
273491
76916
134066
540378
392827
45490
477351
184698
199522
578331
141251
530406
300192
459176
552054
145499
543552
156534
42844
550767
526721
183844
304819
522441
82081
3366
407390
400836
552383
277793
358869
374375
90659
269232
248441
318039
15681
268044
61403
405225
449888
515050
177529
375405
117531
13882
372983
28988
178492
132798
238713
61389
169426
141651
572453
460279
119353
19987
422755
425254
23579
388399
322388
406275
196989
307936
216520
499376
142718
171062
470932
442457
273893
153634
424152
88176
477862
440273
404626
140713
75963
491450
353709
562861
527520
400569
21061
406681
230318
486805
142769
392107
106017
110759
534502
191681
555627
274570
80853
38332
379193
305283
431901
275501
425055
262993
121678
400948
245997
226291
493932
202629
322029
421502
562595
154189
550455
260276
507766
533872
230422
46316
138529
411877
374376
50772
383640
278240
409131
497097
261388
34
446352
276343
249909
130221
25421
431315
554207
526560
295460
557329
369733
198658
526225
94823
24664
532989
279208
557602
204930
230151
379294
298956
12315
182602
100000
278135
375739
348931
441156
163716
429602
65063
41771
443684
403639
207931
154686
149669
377278
434962
299833
80960
37871
280911
460482
246562
27937
16109
124606
383435
131453
457834
522613
212470
99165
548713
302666
405683
68005
244016
176592
53064
512068
442695
262683
372709
482912
312024
527338
273083
253086
237399
559151
504158
227270
513125
306506
237797
30065
309883
363341
67307
289512
108430
228857
16759
185956
463593
121615
191305
178145
358265
569613
66118
36523
398648
12166
152106
102118
268988
150691
466513
533686
115157
37708
484734
185394
83151
112830
322511
427888
26421
162993
434958
522868
306320
533171
379279
329687
380088
315062
361888
439288
6721
89109
565332
329078
557314
234136
347953
133867
384157
489088
3076
393145
208521
489743
706
110417
242083
72424
278870
334453
82604
29145
401583
221533
551559
264525
1926
228074
80394
246364
577619
274467
403472
288501
244050
78652
419141
311531
481313
389702
252008
280858
63893
64816
334466
12179
169197
373482
376029
63214
439132
98864
291201
98141
456756
452772
106794
580706
384742
217874
301146
266083
29582
506151
215353
543515
287651
525851
159453
532437
384420
534347
421978
103737
103757
477920
530394
393805
131833
502324
110544
391979
549928
503069
411446
364358
251033
436031
521205
15008
204792
64708
531710
385969
47599
41082
347445
467817
455203
272036
390664
443509
359949
69677
350810
450672
135681
571351
512316
162250
42576
533826
544983
29579
509931
453762
544588
386695
322738
425066
209286
84615
388721
516636
457214
369000
348720
145891
523527
434275
26671
204821
363031
27032
224910
402808
246512
369094
531765
564185
524981
260464
37748
92526
336491
547130
394349
225130
436632
137188
255706
374023
46492
94376
496450
185821
62652
501790
484173
24861
446626
268688
516948
21900
527597
379584
550134
574308
499591
258765
305684
213273
375530
70528
475108
232401
78000
407286
34777
327146
478636
480056
448426
539359
121123
228565
286100
201420
557252
163473
284715
564508
564290
574599
499826
27495
489906
422823
98101
524531
318814
181939
311965
576075
275046
184246
562846
222599
149657
562208
295194
268032
433240
114843
232673
213438
128029
94535
401434
84625
366811
266504
186747
83568
176858
203594
568238
177036
159423
458654
224367
546944
171026
335566
35438
530913
548979
183450
156827
48376
242541
223413
252420
193240
212421
527623
111548
404886
577926
106079
56359
55629
161771
118723
37041
155776
318146
196540
11080
532748
78522
294593
271231
142102
66027
252570
463803
434004
513200
339852
249941
231993
88929
496991
2232
99983
316612
471521
97362
74390
24319
437100
93257
393228
314616
71236
204670
547783
85031
309165
579402
413707
426803
120882
261500
432732
452342
221763
323396
549268
258499
265330
331138
230484
441470
137413
502513
373252
301273
291669
431432
272926
185773
451843
39390
52760
256859
319346
70754
570660
149785
279322
323162
424604
528011
124055
301937
194411
230679
561590
278763
98773
273904
469713
360045
263042
13471
431756
492671
75084
581326
415665
15179
126751
527181
255974
404517
19949
293974
552061
434519
44209
272961
6730
557907
572584
187752
493704
429638
551100
296560
324871
502752
51835
200870
458762
121047
217064
92729
505288
442672
47105
266520
313593
431817
364380
271249
542407
506586
116065
195297
530285
404172
176226
50117
263600
168349
161006
91644
489940
468604
276871
223454
67904
294421
275837
545689
28367
69805
180315
370808
382182
255662
24299
532555
76985
80818
440755
563869
184446
367120
479553
15438
13770
175494
134119
281161
488541
486718
563592
84291
19397
24847
247338
197745
547542
274139
280515
25994
343984
55942
165056
496662
269206
576386
194372
375841
565652
242544
422328
214306
500507
385695
495609
487139
368240
520660
559271
315073
74574
210408
223174
316563
11244
338736
31288
146819
80275
11801
359189
549447
20434
108668
549580
212877
339987
473475
149551
458633
96586
179932
162181
369041
56303
40923
453321
535262
116095
31255
433125
17487
66164
468771
26719
373591
435473
109427
274286
461788
322269
304832
510006
180960
523795
274916
306277
30068
452302
560853
103520
81001
471325
297537
477826
115950
476796
355413
132554
280736
213970
380500
458119
298591
55468
475277
275449
571920
425470
56961
233023
372874
450716
579366
134644
438075
276514
536619
483823
65345
385749
322557
394115
35489
523418
255649
46327
317781
350481
32308
208450
454524
419194
219904
563858
142890
413312
332498
13920
92034
378751
73195
559294
19160
4477
458631
139144
94674
244385
195470
278910
569599
119360
218774
271185
38055
121676
458533
253362
161503
401060
537390
475423
9218
528020
52155
432444
442175
27734
262396
309499
384496
351351
371004
301326
277396
387295
152108
93766
517534
563805
560421
352549
395560
465156
143783
152147
393072
130339
244468
305564
213911
118697
217799
368873
429996
246032
119761
440836
121446
468760
367715
101348
83960
180271
180179
141086
51880
122582
431837
17089
289523
188100
298830
563065
520617
86216
321039
15249
527624
446459
508531
230305
193889
327258
318328
323109
526682
212868
191120
336257
258727
137206
502419
36439
489085
158020
541961
352576
514387
333415
335697
78342
261068
43345
537408
119805
224848
176032
32607
119529
381323
556505
268231
309252
548725
128300
122726
226472
59943
437806
573291
273075
553108
575704
325063
65628
512838
430788
467333
264476
216551
199255
498960
313517
436014
95111
132654
244720
351948
150126
101292
323797
447927
360132
113089
91227
407593
51549
206783
117965
374340
197121
166060
471799
419714
167541
496517
239198
553378
135016
206387
63950
411187
190572
50304
252759
125291
504142
356940
103331
459093
230057
322105
82252
565722
179603
369170
574384
487475
158127
429283
14990
15978
281846
203868
218924
542301
184116
106820
259567
44702
333510
153870
522195
341161
219418
507278
7498
47566
135683
459914
310342
240590
493641
155743
38546
195578
79716
263881
246876
475928
294834
489187
425612
296110
529348
470085
29370
302260
480016
331242
343992
105642
393907
369601
333916
242210
102670
331313
145912
341075
119581
500690
540859
457230
264659
27293
404748
314692
521879
362941
411832
173073
308600
73729
547118
566699
403144
458042
576902
139811
200867
148034
31090
167696
487559
480346
195408
185166
414189
516404
296884
343847
123739
484208
480687
223114
477438
418853
139561
523137
129339
262979
242757
509588
99372
297859
250387
48935
218121
551595
322031
139192
385139
106067
425672
127615
24247
158261
555574
49987
439516
379799
423630
357512
56768
445682
348794
65443
375342
423718
259146
113077
297409
66960
343737
546896
237093
318089
440663
282365
406954
511204
492407
12764
253827
87936
483458
545155
198977
382668
39864
529866
452872
334039
328246
55767
119171
46592
193386
10471
222447
177262
501323
407959
99040
503761
353276
470862
194698
279829
43049
38930
551868
80520
544261
56978
84449
90827
141770
536204
548107
306949
430157
150473
176697
76912
9203
320877
191667
400887
142287
434576
440899
499738
67230
1139
93279
85030
306837
424711
182126
131613
548141
20147
235522
183957
26174
376085
251135
3305
226494
482667
336192
48956
404889
398712
119495
320649
12281
306339
325871
184924
469509
574304
219792
287741
37230
412613
380142
429332
212691
495666
129742
511349
289698
522477
298278
157886
402742
127093
256787
3224
482507
483775
402846
406001
376024
383658
291894
224379
451305
204759
524621
101785
179200
427251
295017
305647
142574
173814
321578
263231
195857
64008
146886
79868
393677
429709
542165
478927
549488
36797
213799
11766
26578
179326
330284
558253
530479
518782
359574
91474
518026
476742
465779
182706
115191
411417
512442
192905
536555
91275
94513
329602
483871
294104
562523
311957
126494
436252
20512
515247
489514
285421
197576
145191
223516
243214
480893
536252
413678
102755
562205
147975
290957
528067
52076
529879
533312
126595
486020
451489
472585
197759
48162
338468
392723
572508
545475
343968
128166
245351
288399
16193
72887
228244
301697
69917
443390
222753
2302
544639
174427
415434
51210
116031
110233
144157
547413
337692
429260
519843
38828
443818
538465
330037
171221
36124
528591
282368
443789
188459
117036
187462
555298
263512
434135
8580
31569
555493
212545
229550
326574
548219
426815
103865
70745
276066
102915
301171
348235
496264
127799
500084
581726
96445
360157
142318
146541
20221
107982
212247
3897
304760
483587
111820
344038
542974
391933
140155
180402
174066
562232
524245
516726
343552
281674
256322
186121
378373
369341
558132
487264
66413
221597
264936
272250
565797
350522
268628
256781
294900
556001
117108
442445
62301
298160
123964
121112
416643
69928
218214
85827
210434
518100
16238
154701
355984
378403
384553
294160
177652
211351
39589
45197
165232
75760
463814
435913
406328
403535
361157
475944
42865
299717
303079
126685
30997
358462
364879
252203
401232
243218
185141
438899
33902
191251
304999
232434
371406
187371
132549
206429
142891
221003
495332
424254
537625
418596
11065
167891
314504
421206
237004
47403
552005
514600
248591
158497
8936
355095
264420
304408
416237
515303
214150
178379
230150
461480
374922
401433
8351
87483
271183
321861
93327
337255
370441
554082
140375
300157
307547
519046
539551
437169
188831
143521
213795
437556
83658
336811
348199
267794
107495
203166
155482
168817
186255
454538
126832
215243
104999
522288
18647
527979
60792
531987
334944
380634
362656
327401
114126
436127
4229
58483
364027
296244
46761
501229
378049
162256
569773
